09 09 09 09 09 09 09 09 09 09 09 09 09 09 09 09 09 09 09 09 09 09 


0A 23 35 33 35 36 0A 23 33 35 23 35 36 09 09 09 09 09 89 89 89 89 89 89 89 89 89 89 89 89 89 89 89 89 89 89 89 89 89 89 8A A3 B5 B3 B5 B6 8A A3 B3 B5 A3 B5 B6 89 89 89 89 89 23 33 34 33 34 34 33 34 35 36 23 0C 34 34 35 36 0A 23 35 36 0A 0E 00 00 00 07 37 00 00 00 07 00 07 00 00 0B 36 09 0A 0E A3 B3 B4 B3 B4 B4 B3 B4 B5 B6 A3 8C B4 B4 B5 B6 8A A3 B5 B6 8A 8E 80 80 80 87 B7 80 80 80 87 80 87 80 80 8B B6 89 8A 8E 00 00 37 00 08 00 00 08 00 00 00 37 00 08 00 00 00 00 00 00 00 00 00 00 00 00 00 00 00 00 00 00 00 00 00 00 00 00 00 00 80 80 B7 80 88 80 80 88 80 80 80 B7 80 88 80 80 80 80 80 80 80 80 80 80 80 80 80 80 80 80 80 80 80 80 80 80 80 80 80 80 00 6B 6C 6D 00 00 00 00 00 00 00 00 00 00 00 00 00 00 00 00 00 00 00 00 00 00 00 00 00 00 00 00 00 00 00 00 00 00 00 05 80 EB EC ED 80 80 80 80 80 80 80 80 80 80 80 80 80 80 80 80 80 80 80 80 80 80 80 80 80 80 80 80 80 80 80 80 80 80 80 85 10 6E 6F 70 2A 2A 10 10 10 10 2A 2A 2A 10 10 10 2A 2A 2A 2A 2A 2A 2A 10 10 2A 00 00 00 00 00 26 0D 0D 0D 0D 0D 0D 0D 0D 90 EE EF F0 AA AA 90 90 90 90 AA AA AA 90 90 90 AA AA AA AA AA AA AA 90 90 AA 80 80 80 80 80 A6 8D 8D 8D 8D 8D 8D 8D 8D 00 00 00 00 00 00 00 00 00 00 00 00 00 00 00 00 00 00 20 20 21 00 00 00 00 00 00 00 00 00 00 14 12 28 28 28 28 12 31 12 80 80 80 80 80 80 80 80 80 80 80 80 80 80 80 80 80 80 A0 A0 A1 80 80 80 80 80 80 80 80 80 80 94 92 A8 A8 A8 A8 92 B1 92 0D 0D 0D 25 00 00 00 41 42 43 44 45 00 00 00 00 00 00 20 20 21 00 00 00 00 00 00 00 00 00 00 00 00 15 16 16 17 00 00 02 8D 8D 8D A5 80 80 80 C1 C2 C3 C4 C5 80 80 80 80 80 80 A0 A0 A1 80 80 80 80 80 80 80 80 80 80 80 80 95 96 96 97 80 80 82 3B 00 40 00 00 00 00 46 48 49 4A 4B 4C 00 00 00 00 00 20 20 21 00 00 00 00 26 0D 0D 0D 0D 0D 0D 0D 29 29 29 29 0D 0D 0D BB 80 C0 80 80 80 80 C6 C8 C9 CA CB CC 80 80 80 80 80 A0 A0 A1 80 80 80 80 A6 8D 8D 8D 8D 8D 8D 8D A9 A9 A9 A9 8D 8D 8D 32 00 14 00 00 00 00 00 17 1C 1C 15 00 00 00 00 00 00 2C 2C 2C 00 00 00 00 14 12 28 12 31 12 28 28 28 28 28 28 12 31 3B B2 80 94 80 80 80 80 80 97 9C 9C 95 80 80 80 80 80 80 AC AC AC 80 80 80 80 94 92 A8 92 B1 92 A8 A8 A8 A8 A8 A8 92 B1 BB 32 00 00 00 00 00 00 00 1C 1C 1C 1C 00 00 00 00 00 00 00 00 00 00 00 00 00 00 00 09 00 00 00 1C 15 17 15 17 1C 00 00 32 B2 80 80 80 80 80 80 80 9C 9C 9C 9C 80 80 80 80 80 80 80 80 80 80 80 80 80 80 80 89 80 80 80 9C 95 97 95 97 9C 80 80 B2 39 11 11 11 11 11 11 4D 4E 4E 4E 4E 52 11 11 11 11 11 11 11 11 11 11 11 11 11 11 2D 11 11 11 19 1A 1A 18 18 19 11 11 39 B9 91 91 91 91 91 91 CD CE CE CE CE D2 91 91 91 91 91 91 91 91 91 91 91 91 91 91 AD 91 91 91 99 9A 9A 98 98 99 91 91 B9
---


09 09 09 09 09 09 09 09 09 09 09 09 09 09 09 09 09 09 09 09 09 09 0A 23 35 33 35 36 0A 23 33 35 23 35 36 09 09 09 09 09
89 89 89 89 89 89 89 89 89 89 89 89 89 89 89 89 89 89 89 89 89 89 8A A3 B5 B3 B5 B6 8A A3 B3 B5 A3 B5 B6 89 89 89 89 89

23 33 34 33 34 34 33 34 35 36 23 0C 34 34 35 36 0A 23 35 36 0A 0E 00 00 00 07 37 00 00 00 07 00 07 00 00 0B 36 09 0A 0E
A3 B3 B4 B3 B4 B4 B3 B4 B5 B6 A3 8C B4 B4 B5 B6 8A A3 B5 B6 8A 8E 80 80 80 87 B7 80 80 80 87 80 87 80 80 8B B6 89 8A 8E

00 00 37 00 08 00 00 08 00 00 00 37 00 08 00 00 00 00 00 00 00 00 00 00 00 00 00 00 00 00 00 00 00 00 00 00 00 00 00 00
80 80 B7 80 88 80 80 88 80 80 80 B7 80 88 80 80 80 80 80 80 80 80 80 80 80 80 80 80 80 80 80 80 80 80 80 80 80 80 80 80
